632572372238139077029408781292350944670132951607048799961306306050042296308
8374178227023708908986693867045365909026884763455701358521510464932414335272
13406675940560721744261637483402881770742392535819086981272305551214573567262
4613370139948147744497613976419949241419032605401305285804755776760544633036
21820067311376028963758363203765071735897329259978412599027880054333595994819
15840120395020462243531580475688695338568812624960556824323236648512161116901
8260957781054975743334684807711017936507726822981425952293534708252284901576
15541453473276660090611689418675488676372685630115663319974140458492910475874
18294442168891714112245175090589563964902675719430168989895855324498589842436
3487352215283768594507239200928441128808786720809285299272464621642600315552
