2421329965218846782966566430411553478360852097132308632408714246159994782289
6218776904930119260036067713293123709868760616400456350997392753656724734775
7961178624838593816782070309519908544848688188800526906641554913538922664331
21151537604796705796462453312484529375487688214967204832537071671326710610400
909616220924356126893455303553138001111742436876644489077573292649333436243
9834516073987669723190918125413426177323127088274384687482070893121208944056
14109305362363243561105645306694005666548348207442182632313097606942050209163
2054672099813249343087893383021717699017088364553094797783426323681088526861
19021860471269179151580730100994536461340998371824991068497916699799889297217
7839234182448454030851965111253733695595828711206465223150041751873925998894
